system 92 110 106 8 84 10 47 51 71 26 30 67 4 88 66 5 89 31 27 70 50 46 11 85 107 111 93 77 98 20 36 2 94 100 82 16 41 57 56 40 17 83 101 95 60 3 37 21 76 99 59 63 34 22 75 55 43 14 80 102 38 114 96 79 97 78 115 39 81 42 54 74 23 35 1 19 58 53 45 12 69 112 28 90 49 32 108 24 73 72 25 109 33 7 48 91 29 113 87 68 13 44 52
space 92 110 106 8 10 47 71 26 30 67 4 88 66 5 89 31 27 70 50 46 11 85 107 111 93 77 20 36 61 100 82 16 41 57 56 40 17 83 101 95 60 3 37 21 76 99 59 63 34 22 75 55 43 14 80 38 114 96 79 97 78 39 103 81 15 42 54 74 23 35 1 19 58 53 45 12 86 69 112 28 90 49 65 6 108 24 73 72 25 109 33 7 48 91 29 113 105 87 68 13 44 52
wif 92
require 92 110 106 8 84 10 47 51 71 26 30 67 4 88 66 5 89 31 27 70 50 46 11 9 85 107 111 93 77 98 20 36 61 2 94 100 82 16 41 57 56 40 17 83 101 95 60 3 37 21 76 99 59 18 63 34 22 75 55 43 14 80 102 38 114 96 79 97 78 115 39 103 81 15 42 54 74 23 35 62 1 19 58 53 45 12 86 69 104 112 28 90 49 65 6 32 108 24 73 72 25 109 33 64 7 48 91 29 113 105 87 68 13 44 52
run 92 8 84 10 51 71 67 4 88 66 89 31 50 11 85 93 77 36 100 82 16 41 57 56 37 99 63 34 75 43 80 102 38 114 96 79 97 78 39 81 54 35 45 112 90 108 24 73 109 64 7 48 29 87 13 44 52
jump 92 110 106 8 84 10 47 51 71 26 30 67 4 88 66 5 89 31 27 70 50 46 11 9 85 107 111 93 77 98 20 36 61 2 94 100 82 16 41 57 56 40 17 83 101 95 60 3 37 21 76 99 59 18 63 34 22 75 55 43 14 80 102 38 114 96 79 97 78 115 39 103 81 15 42 54 74 23 35 62 1 19 58 53 45 12 86 69 104 112 28 90 49 65 6 32 108 24 73 72 25 109 33 64 7 48 91 29 113 105 87 68 13 44 52
revision 92 110 106 8 84 10 47 51 71 26 30 67 4 88 66 5 89 31 27 70 50 46 11 9 85 107 111 93 77 98 20 36 61 2 94 100 82 16 41 57 56 40 17 83 101 95 60 3 37 21 76 99 59 18 63 34 22 75 55 43 14 80 102 38 114 96 79 97 78 115 39 103 81 15 42 54 74 23 35 62 1 19 58 53 45 12 86 69 104 112 28 90 49 65 6 32 108 24 73 72 25 109 33 64 7 48 91 29 113 105 87 68 13 44 52
compilerservices 92
decompiler 92 11 43
src 92 110 106 8 84 10 47 51 71 26 30 67 4 88 66 5 89 31 27 70 50 46 11 9 85 107 111 93 77 98 20 36 61 2 94 100 82 16 41 57 56 40 17 83 101 95 60 3 37 21 76 99 59 18 63 34 22 75 55 43 14 80 102 38 114 96 79 97 78 115 39 103 81 15 42 54 74 23 35 62 1 19 58 53 45 12 86 69 104 112 28 90 49 65 6 32 108 24 73 72 25 109 33 64 7 48 91 29 113 105 87 68 13 44 52
normal 92 110 106 8 84 10 47 51 71 26 30 67 4 88 66 5 89 31 27 70 50 46 11 9 85 107 111 93 77 98 20 36 61 2 94 100 82 16 41 57 56 40 17 83 101 95 60 3 37 21 76 99 59 18 63 34 22 75 55 43 14 80 102 38 114 96 79 97 78 115 39 103 81 15 42 54 74 23 35 62 1 19 58 53 45 12 86 69 104 112 28 90 49 65 6 32 108 24 73 72 25 109 33 64 7 48 91 29 113 105 87 68 13 44 52
net 92 110 10 71 30 88 66 89 70 50 46 11 85 107 93 77 36 61 100 82 41 57 17 83 95 21 99 75 55 43 80 102 38 96 79 97 78 39 54 74 35 1 45 90 49 32 73 25 33 48 105 87 68 13 44 52
apple 92 110 106 8 84 10 47 51 71 26 30 67 4 88 66 5 89 31 27 70 50 46 11 9 85 107 111 93 77 98 20 36 61 2 94 100 82 16 41 57 56 40 17 83 101 95 60 3 37 21 76 99 59 18 63 34 22 75 55 43 14 80 102 38 114 96 79 97 78 115 39 103 81 15 42 54 74 23 35 62 1 19 58 53 45 12 86 69 104 112 28 90 49 65 6 32 108 24 73 72 25 109 33 64 7 48 91 29 113 105 87 68 13 44 52
languages 92 110 106 8 84 10 47 51 71 26 30 67 4 88 66 5 89 31 27 70 50 46 11 9 85 107 111 93 77 98 20 36 61 2 94 100 82 16 41 57 56 40 17 83 101 95 60 3 37 21 76 99 59 18 63 34 22 75 55 43 14 80 102 38 114 96 79 97 78 115 39 103 81 15 42 54 74 23 35 62 1 19 58 53 45 12 86 69 104 112 28 90 49 65 6 32 108 24 73 72 25 109 33 64 7 48 91 29 113 105 87 68 13 44 52
compiler 92 110 106 8 84 10 47 51 71 26 30 88 5 70 50 46 11 9 85 93 77 98 36 61 2 100 82 16 57 40 17 83 101 95 21 76 59 63 75 55 43 114 79 97 78 54 23 1 58 53 45 104 112 49 6 32 24 73 72 25 109 33 7 48 87 68 13 44 52
gray 92 110 106 8 84 10 51 71 26 30 67 4 88 66 5 89 31 27 70 50 46 11 85 107 111 93 77 98 20 36 61 2 94 100 82 16 41 57 56 40 17 83 101 95 60 3 37 21 99 59 63 34 22 75 43 14 80 102 38 114 96 79 97 78 39 81 15 42 54 74 23 35 1 19 58 45 12 86 69 104 112 28 90 49 65 6 32 108 24 73 72 25 109 33 64 7 48 91 113 105 87 68 13 44 52
loader 92 110 106 8 84 10 47 51 71 26 30 67 4 88 66 5 89 31 27 70 50 46 11 9 85 107 111 93 77 98 20 36 61 2 94 100 82 16 41 57 56 40 17 83 101 95 60 3 37 21 76 99 59 18 63 34 22 75 55 43 14 80 102 38 114 96 79 97 78 115 39 103 81 15 42 54 74 23 35 62 1 19 58 53 45 12 86 69 104 112 28 90 49 65 6 32 108 24 73 72 25 109 33 64 7 48 91 29 113 105 87 68 13 44 52
october 92 110 106 8 84 10 47 51 71 26 30 67 4 88 66 5 89 31 27 70 50 46 11 9 85 107 111 93 77 98 20 36 61 2 94 100 82 16 41 57 56 40 17 83 101 95 60 3 37 21 76 99 59 18 63 34 22 75 55 43 14 80 102 38 114 96 79 97 78 115 39 103 81 15 42 54 74 23 35 62 1 19 58 53 45 12 86 69 104 112 28 90 49 65 6 32 108 24 73 72 25 109 33 64 7 48 91 29 113 105 87 68 13 44 52
parameters 92 71 26 4 66 31 50 46 11 85 107 93 77 82 16 3 99 43 102 38 114 97 81 54 23 19 24 25 48 68 13 52
core 92 84 30 67 4 88 89 46 11 9 107 93 77 36 100 82 16 57 56 37 59 55 43 38 114 78 54 74 58 48 68 52
replacements 110 4 50 43
reduce 110 4 50 85 22 75 43 38 54 35 13
constraint 110 31 27 9 85 98 36 76 80 54 19 28 24 72 25 113 52
minimal 110 50 11 85 93 77 41 38 97 49 25 68 52
relation 110 16 95 23 58 25
directions 110 54 62
collection 106 51 71 4 5 50 46 85 93 98 36 82 40 83 21 63 75 43 38 78 54 53 12 112 24 73 72 25 87 13 52
higher 106 51 66 70 50 46 11 9 85 93 77 36 100 82 40 60 76 43 78 54 19 58 69 73 48 68
ann 106 85 82 37 59
union 106 71 4 66 50 100 16 95 37 59 79 81 62 69 112 28 32 24 25 52
blog 106 51 67 4 66 89 31 11 93 77 61 100 82 60 37 59 34 75 38 54 35 19 104 113 105 87 68 44 52
darcs 8
deal 8 67 50 85 36 75 35
profitable 8
knowledge 8 67 4 50 46 85 93 36 82 40 60 37 59 34 14 80 38 54 24 72 52
experienced 8 31 85 93 102
jobs 8 84 50 85 82 57 34 38 35
summer 8 67 85 36 2 57 60 37 59 79 103 52
rolled 8
masse 8
sun 8 89 50 9 82 54 35 69 25
searches 84 4 85 93
archive 84 10 51 71 26 30 67 4 88 66 5 89 31 27 70 50 46 11 9 85 93 77 98 36 61 2 94 100 82 16 41 57 40 83 101 95 60 37 76 59 34 22 75 43 38 114 79 78 115 39 103 42 54 74 23 35 1 19 53 45 12 86 69 112 28 90 49 108 24 73 25 109 64 48 91 105 87 68 13 44 52
hardware 84 47 51 71 4 70 50 46 11 85 93 36 61 94 82 41 40 37 59 75 55 43 23 35 24 73 72 25 68 13 52
accordance 84 43
valuable 10
parsing 10 89 11 36 57 54 25
rtclok 10
clock 10 85 38
stealing 10 61 75
existence 10 71 4 66 85 93 57 3 1 25 52
unsigned 10 51 50 11
standalone 10 89 79 19 45 52
occitan 51 50 85 45 52
vfp 71
equivalent 71 4 88 66 5 89 9 85 93 36 101 59 38 96 78 54 23 58 72 25 68 52
rpcemu 71
additionally 71 4 85 93 16 115 108 13
western 26 50 85 82 101 79 54 23 6 24 25 52
familiar 26 89 85 77 54 109
museum 26 85 111 36 23 24 25
mike 26 50 46 93 82 41 57 40 101 43 102 23 6 24 25 48 13
certification 26 101 23 6 24 25
barry 26 107 20 101 43 79 54 74 23 6 24 25
packages 30 11 85 107 93 77 36 82 16 57 63 43 38 114 78 48 13
derivative 30 85 36 100 95 114 39 58 28 25
desktop 30 67 89 50 11 77 36 82 41 57 37 59 14 38 35 19 90 109 68 52
steps 67 31 95 22 38 74 35 19 48
couch 67
webscale 67
wants 67 4 77 99
attention 67 85 36 45 113 13
evolving 67 113 52
verifiable 67
claim 67 4 88 5 50 11 85 93 36 83 101 22 75 43 114 54 35 58 28 90 73 25 109 48
mainframe 4 50 85 111 36 94 43 102 79 81 23 24 25 64
encapsulated 4 18 102 13
sessions 4 85 56 38
cheat 4
country 4 60
precondition 4
terser 4
literal 4 88 50 11 85 93 82 57 22 43 54 52
existing 4 89 50 46 11 9 85 93 77 41 60 21 75 43 80 102 114 79 54 19 69 104 113 105 13 52
avoided 4 36 101 73
abstract 4 66 89 27 107 93 77 98 36 100 82 16 83 101 95 76 22 43 38 78 54 58 28 32 25 13 52
israel 4 88 5 50 46 11 85 107 93 77 82 41 17 83 43 38 79 97 39 81 54 35 12 90 72 109 48 91 13 52
cts 4 54
menus 4 99 102 38 81
signature 4 66 54 35 13 44
emergency 4 85
frame 4 89 50 11 82 37 59 75 68
angularjs 88 37 59
dropbox 88 35
swift 88 66 70 50 11 85 36 83 37 21 99 96 78 54 108 105 13 52
prototype 88 50 11 85 93 36 41 18 63 43 49 109 29
gaps 88
comprehension 88 78 54 87
deploy 66 9 17 19
novel 66 95 13
ksh 66 93 57
arrested 66
interpreter 5 31 50 46 93 77 36 82 57 76 43 114 79 97 45 12 69 108 24 73 25 109 64 48 29 13
sized 5 50 43 108
nesting 5 57 23 73
dated 5 46 85 36 57 37 43 102 54 35 13 52
robust 89 11 85 77 82 102 19
externally 89 93
cfexchange 89
notification 89 11 37 59 55 38
saml 89
finally 89 11 85 93 98 36 82 57 99 102 38 54 35 108 25 48 68 52
cfpdf 89
cfeclipse 89
internet 89 11 77 101 60 37 59 34 43 35 90 25 109 13 44
flashpaper 89
fixes 89 11 82 57 75 48 52
coding 89 50 85 107 93 77 36 2 17 60 43 38 54 74 24 72 25 64 52
xpress 31 19
fourer 31
optimj 31 19
nlp 31 19
kalis 31 19
cbc 31 19
corporate 31 35 52
wisconsin 31
convex 31
multiplatform 70 79
gmsh 70
dadisp 70
pipelining 70 75 43
abstractions 70 82 83 43 104 29 13 52
workshops 70 108
featool 70
numa 70 75 68
belarusian 50 11 85 36 43 54 32 13 52
ken 50 36 57 102 52
oclc 50 85 34 43 38 24 25 91 52
shifts 50 75 73
diagnose 50 93
supplied 50 93 98 36 41 99 43 38 90 25
south 50 43 52
fall 50 102 13
che 50
designer 50 85 77 36 61 40 60 37 59 55 79 54 45 52
concerns 50 85 37 99 59
minicomputers 50 99 39 45
bitwise 50 43 73 68
harbison 50
cwe 50
protect 50 93 13
uclibc 50 75 43 53 112 13
backspace 50 25
zig 50
xlisp 46 93
bigloo 46 93 82 40
coordinates 46
latency 11
nextname 11
swiffy 11 37 59
notably 11 107 93 36 40 63 25 48
initapp 11
heads 11 98
aus 9
bob 9 85 93 20 36 82 3 21 96 42 23 35 91 29
cents 85 25
comjnl 85 36 83 104 24 25
mainframes 85 36 79 39 25
porter 85
dominated 85
ralf 85
belongs 85
tries 85 93 57 64
delivery 85 93 36 55 54 24 72 52
anthony 85 24
house 85 36 104
manufacturers 85 36 13
meanwhile 85
incorrect 85 75 38 13
speculate 85
iscobol 85
fear 85
cook 85 38 74
presence 85 114
cutler 85
arises 85
representatives 85
remarks 85 78 35
hong 85 35 69 13
sylvania 85
hodgepodge 85
sine 107 33
touretzky 93
tagbody 93
hygiene 93
eugene 93 36 3 23 35 24
filesystem 93 57 108 52
manipulable 93
bookfix 93
replanning 93
koschmann 93
softwarepreservation 93 36 23 24 25
citizen 93 62
defmacro 93 82
unwanted 93 18 113 44
relevant 93 60 22 113 13
parsers 93
thirdly 93
surrounds 93
standardise 93
commercialized 93 75
dominque 93
dongles 77
gregory 98 43
arithmetictype 20
watt 20 13
kromberg 36
asset 36 35 25
acted 36 43
investigation 36
recall 36 57
sabot 36
experiment 36 59 29
measurable 36
davis 36 43 12 69
folding 36 95 108
invariably 36
sujuvalla 36
rape 61 35
lml 61
playerkilling 61
swing 82 108
pcalls 82
kathryn 82 35
conjure 82
rolling 82
halloway 82
rouge 82
leveraging 82
humanoid 16
shares 16 78 39 35 68
powerup 41
abcdef 57
pwb 57
cumming 57
ensemble 56
propagates 17
voltmeters 17
gurus 83 54
ushijima 83
cvt 83
iterators 83 62 52
encapsulates 83 38
procdecl 95
forwarddecl 95
institut 95 22 24
forschungsportal 60
voice 60 37 59 38
mindstorms 60 37 69
monthly 60
digi 60
solely 60 43 73 48
bernadette 60
pmode 60
constructionism 60 37
gerrit 37 59
pagerank 37 59
gboard 37 59
notebook 37 59 114
gms 37
mather 37 59
helpouts 37 59
buzz 37 59
manifested 37
adsense 37 59
magisk 37
garage 37 59
walkouts 37 59
safetynet 37
schmidt 37 59
tenor 37 59
congruent 99
novelty 34
kylin 34
myfaces 34
mxnet 34
freemarker 34
genuine 22
roslyn 55 54 45
midletpascal 55 97 13
vsi 55 97 45 13
xbox 55 68
foreword 43 13
variations 43 73 109
archer 43 54
tpf 43
tactile 43
missouri 14 72
eresye 80
goyal 80
prematurely 38
scriptable 38
possessives 38
standardadditions 38
piyocast 38
questioning 38
dbf 79
xharbour 79
matured 79
imposing 97
traverse 39
permin 39
ysmall 39
elliot 103 13
kenexa 81
thunder 81
sports 81
fellows 81
slogan 81 35 13
wylie 54
reserves 54
mariner 54
parenthesized 54
methodimploptions 54
wrox 54
widening 54 25
mtof 74
acosta 74
creatio 35
smbs 35
marshall 35 25
wells 35
twin 35
tempo 35
paayal 35
businessinsider 35
appscale 35
gruman 35
gagliordi 35
butterfield 35
clearing 19
emblems 53
lse 45
isarray 45
wordbasic 45
gathering 45
macbasic 45
catherine 86
robomech 69
opencomal 90
loughborough 90
endfor 90
pathway 49
cybernetics 32
jorge 24
langmaack 24
betrayal 24
mux 24
keyop 73
mem 73
elif 25
violate 25
intl 25
peking 25
jemarch 25
fisker 25
deadlocked 25
semaphores 25
coercend 25
microprogrammable 25
taketoshi 33
hiroki 33
frances 64
fourteen 64
dtksh 48
surnames 48
fuser 48
discovered 29
conflicts 29
shading 68
stellman 13
krell 13
certificate 13
conveys 13
smartgui 44
confident 52
necessitates 52
enumerator 52
vandevoorde 52
experimented 52
